away_win,draw,home_win
0.15469075424817388,0.22228765635682643,0.6230215893949997
0.14741394703817817,0.20775597141230615,0.6448300815495156
0.35711744912406584,0.3161947263434385,0.32668782453249573
0.2991360013380694,0.278506144945654,0.42235785371627654
0.40349542564434776,0.2906614020872073,0.30584317226844493
0.19936425770914284,0.24248332124908345,0.5581524210417736
0.29901792758429707,0.25077815164834066,0.45020392076736243
0.22580843017009608,0.27083806179188485,0.503353508038019
0.33382930021980967,0.27732551507200986,0.38884518470818047
0.5437417924920392,0.27106087952519553,0.18519732798276514
0.2271746016677852,0.3584326178434186,0.4143927804887963
0.15207351096215582,0.2701325194716629,0.5777939695661812
0.41925036584000186,0.23672472944999728,0.34402490471000086
0.37338016349957315,0.30818630035869865,0.3184335361417281
0.2657185042211895,0.34154888065647765,0.3927326151223328
0.25633496671748907,0.28806658788248757,0.4555984454000233
0.2337396595301077,0.3784089001611292,0.3878514403087632
0.2675418283693062,0.30112384038154316,0.4313343312491507
0.27116738867316514,0.30007065122552457,0.42876196010131024
0.6032675686123683,0.22115063859573356,0.1755817927918982
0.35555505073197036,0.26555167833192406,0.37889327093610553
0.2793863354244576,0.38286535098011,0.3377483135954324
0.2762128330820341,0.32577817581112317,0.3980089911068427
0.1875965052020985,0.30184911150546767,0.510554383292434
0.1744542111099553,0.2488039743436762,0.5767418145463685
0.3603235752083349,0.21597802478618255,0.42369840000548253
0.545828353655549,0.26826363995239233,0.1859080063920586
0.3418362697131903,0.27321450465943514,0.38494922562737444
0.25583477435446744,0.36817753813226967,0.3759876875132629
0.25875266531689306,0.2962559063605182,0.4449914283225887
0.37549614272914134,0.2698742917072801,0.3546295655635785
0.24205485416851982,0.2798522100687091,0.47809293576277107
0.38152021409973397,0.29925432995306306,0.319225455947203
0.3533903838074677,0.3561998489630815,0.2904097672294508
0.349009051024046,0.2993073512325597,0.35168359774339425
0.2675306169869025,0.3422139673878916,0.39025541562520594
0.21809114333117888,0.23041562025678314,0.5514932364120381
0.16731735426905256,0.3197957034204514,0.512886942310496
0.21542990152112795,0.26016647861165504,0.5244036198672171
0.3087825051227256,0.29760708387566653,0.3936104110016079
0.27756059847210485,0.30249604158043547,0.4199433599474596
0.30021827431798725,0.3317498798082824,0.3680318458737304
0.27882492543344567,0.34061581608172337,0.3805592584848309
0.23761854574634358,0.2665053604584605,0.495876093795196
0.4203452537232115,0.27824667176294077,0.30140807451384766
0.3138940045061645,0.3276341068647832,0.35847188862905227
0.27046883533217664,0.28968280594270696,0.43984835872511646
0.40475813968541363,0.28281901861986924,0.31242284169471707
0.3867297104453228,0.3304975894204197,0.28277270013425765
0.5825197339814411,0.23505146356481119,0.1824288024537477
0.14741394703817817,0.20775597141230615,0.6448300815495156
0.40856038779118675,0.2962326948267192,0.29520691738209404
0.33115265414952916,0.28807283972728887,0.38077450612318203
0.25442638790940064,0.20960930398254984,0.5359643081080495
0.3743351310553329,0.2995212584987462,0.32614361044592094
0.16832319761709086,0.23970443784082088,0.5919723645420882
0.43627883367822096,0.2649220789947587,0.2987990873270203
0.15407824114476218,0.2269944800791091,0.6189272787761287
0.2483077409789654,0.28966792226014276,0.4620243367608918
0.2252508815146737,0.3017321393798796,0.4730169791054466
0.2790203764924205,0.32947765698860615,0.39150196651897345
0.3939589343235772,0.29776187583219743,0.3082791898442254
0.360195067166843,0.3216605959428103,0.31814433689034666
0.2106401212043352,0.28415521850103476,0.50520466029463
0.1853617891345694,0.2994757433032258,0.5151624675622049
0.3004142622878985,0.2941162577275838,0.4054694799845176
0.25894039681129943,0.27818248140925955,0.462877121779441
0.2477789506946405,0.2579608773771547,0.4942601719282047
0.3333998455750228,0.3367468619586569,0.32985329246632034
0.23317726317106993,0.27998925159958643,0.4868334852293436
0.3916679259198696,0.2884539366725415,0.31987813740758897
0.16393307857712835,0.309195015076405,0.5268719063464666
0.17123667008161206,0.2572212280514384,0.5715421018669496
0.2058418192502468,0.30886248713598735,0.48529569361376584
0.3308872455659358,0.29673967730857764,0.37237307712548656
0.24488177500987307,0.2680830664543044,0.48703515853582263
0.3412988901361775,0.33499085894248964,0.3237102509213328
0.6126227055298346,0.2090726771850482,0.17830461728511718
0.25752060621535394,0.2553462395274101,0.48713315425723597
0.23757425373695137,0.22125657258499942,0.5411691736780492
0.2794980666193516,0.29284521463367497,0.4276567187469733
0.2337224797579941,0.2834501462275175,0.48282737401448833
0.2326797361634772,0.3468461239652411,0.42047413987128157
0.4027869219520975,0.28457581351857925,0.3126372645293233
0.27895237150873037,0.24254906154660427,0.47849856694466536
0.2552817594689903,0.30391269469477367,0.440805545836236
0.31037084030906315,0.33375544138696356,0.3558737183039733
0.3331391395584585,0.3217931955019229,0.3450676649396186
0.264975437761519,0.2442708831938878,0.49075367904459316
0.27046883533217664,0.28968280594270696,0.43984835872511646
0.27079028920655074,0.3986564561747702,0.330553254618679
0.2441831296273432,0.3403761307599419,0.41544073961271505
0.2874519761552511,0.2888603540809173,0.42368766976383154
0.30256948019071156,0.2750926858687017,0.4223378339405866
0.21587382428777394,0.3324423287228877,0.4516838469893384
0.4009516622150734,0.3161758377580879,0.2828725000268388
0.16127266481325778,0.24225391018537862,0.5964734250013637
0.3964189501311437,0.2804561613156976,0.32312488855315863
0.5619735014611301,0.24661948825421606,0.1914070102846538
0.14741394703817817,0.20775597141230615,0.6448300815495156
0.3644570764437696,0.22509535855598406,0.4104475650002465
0.5117955023652501,0.2833773383375124,0.20482715929723752
0.6019090502983768,0.2229045553921264,0.1751863943094969
0.15686416435411588,0.2629674265691303,0.5801684090767538
0.24138613320374683,0.3299806379414423,0.42863322885481087
0.2924117607905019,0.3366176131642078,0.37097062604529035
0.28389877433615657,0.305017085304296,0.41108414035954743
0.31283450738189694,0.3549463533285516,0.3322191392895514
0.20970434306561028,0.34492763378273883,0.44536802315165097
0.35394302025923324,0.3131743563352422,0.33288262340552455
0.24697794274676244,0.3155756286802506,0.437446428572987
0.34228865097032796,0.3111658223971479,0.3465455266325242
0.3837896133327406,0.30213451623651805,0.31407587043074137
0.5443293730577091,0.27027317023622505,0.1853974567060658
0.18423752786655495,0.33704548495961256,0.4787169871738323
0.2427678937038628,0.3236854709138565,0.4335466353822808
0.2449601292938109,0.37344002015456224,0.3815998505516269
0.23811574855907275,0.2737726140836252,0.48811163735730206
0.16576356165545983,0.2830817203602637,0.5511547179842765
0.251767801427323,0.3098375140230445,0.4383946845496326
0.2510106419407281,0.30298892909861436,0.44600042896065767
0.3802386103574921,0.27736791174993886,0.342393477892569
0.35889518040273405,0.2968095459908481,0.3442952736064179
0.45525483054018273,0.26584144118882935,0.27890372827098797
0.3317674970664769,0.3300512008605341,0.3381813020729891
0.46698470731537367,0.2521610284031215,0.28085426428150473
0.2258054500982368,0.3329466147333888,0.44124793516837435
0.20124880226212086,0.20850389367450184,0.5902473040633773
0.22910567999437095,0.3271325221457815,0.44376179785984754
0.26501594701908393,0.32419952959846843,0.4107845233824476
0.349009051024046,0.2993073512325597,0.35168359774339425
0.3077845908409586,0.2868545747423254,0.4053608344167161
0.2416592070781123,0.30193050982263475,0.45641028309925297
0.15715000533386433,0.3961846567426759,0.4466653379234597
0.2517240411826682,0.29617648676850766,0.4520994720488241
0.5147672125584568,0.32402216975543924,0.16121061768610398
0.28490411992938225,0.2555834168636417,0.45951246320697603
0.30797828825319645,0.24183454870473314,0.45018716304207024
0.5805039909031597,0.2505395845370419,0.1689564245597983
0.24753587921845563,0.3188243018936386,0.43363981888790576
0.17548048549881098,0.2841691585808896,0.5403503559202995
0.29549588412790295,0.31703198001079197,0.3874721358613051
0.34872901375087995,0.31916015631946626,0.33211082992965385
0.31983701232584233,0.3716483694838508,0.3085146181903068
0.24983963725169142,0.3044084467500812,0.4457519159982274
0.2520276902248495,0.27265485189857475,0.47531745787657564
0.19985611756831387,0.29795419854399613,0.50218968388769
0.37076163880734353,0.2908951508877688,0.33834321030488773
0.3720285555718596,0.2972198830019478,0.33075156142619266
0.2456965561308274,0.30641637084352913,0.44788707302564346
0.23422176583008245,0.3591397147932953,0.40663851937662226
0.2412465412102324,0.2971137625477267,0.46163969624204093
0.3488746593967652,0.31580478437233145,0.3353205562309034
0.2516002675032039,0.3404772193605335,0.40792251313626254
0.23773154244339417,0.3088115079480443,0.4534569496085616
0.3029407451021894,0.38612089174399306,0.3109383631538175
0.261288170859846,0.38678347064307805,0.3519283584970759
0.13853998805295806,0.19524957017762593,0.666210441769416
0.2252508815146737,0.3017321393798796,0.4730169791054466
0.20519118705204642,0.21678667878790348,0.5780221341600502
0.257881330806622,0.27470137852686305,0.46741729066651505
0.2522011578010043,0.28525403347890044,0.4625448087200952
0.2381841336272907,0.26675478040330014,0.49506108596940906
0.35366858941442847,0.32189518213468327,0.32443622845088826
0.3435037813852954,0.2910763258527082,0.36541989276199643
0.28757695437030767,0.27776199608085816,0.4346610495488342
0.25942348020032063,0.31328473100510057,0.4272917887945788
0.3017134627629561,0.3145224565680102,0.38376408066903384
0.33696291000475487,0.28521965721114045,0.3778174327841047
0.34920978666677754,0.24333486873282212,0.40745534460040034
0.1376663319730428,0.24979331609693084,0.6125403519300263
0.23307738706976563,0.28389822892631805,0.4830243840039163
0.25641971797549734,0.38578120671128596,0.3577990753132168
0.21546861183186486,0.2041919764484902,0.5803394117196449
0.24030514122610502,0.32339370168202636,0.4363011570918687
0.15153800786645677,0.22279411784521733,0.6256678742883258
0.2460843521445511,0.2929290569649374,0.4609865908905116
0.24893832997193624,0.25916997012787757,0.4918916999001863
0.2006508847219365,0.3001411601558525,0.4992079551222111
0.24448722609455562,0.3360810883680479,0.41943168553739635
0.3262703090730634,0.2957630868600467,0.37796660406689
0.30737053995427355,0.3507702295948423,0.34185923045088407
0.19298757378281942,0.3010801597458449,0.5059322664713357
0.2669412764501063,0.3362372511692859,0.3968214723806079
0.28464212450172127,0.3191943595988904,0.39616351589938825
0.23419416589461758,0.30385775340560545,0.461948080699777
0.35536876380935,0.2866756720328966,0.35795556415775337
0.5523066340374297,0.27472645693435405,0.17296690902821618
0.2674485529456469,0.25481709316399065,0.47773435389036245
0.3014517087216172,0.2656475859297041,0.4329007053486785
0.34925947698765425,0.34550732254173966,0.30523320047060604
0.3343877656021562,0.3542640173133383,0.31134821708450555
0.5255702041158682,0.2954216732538664,0.17900812263026536
0.24425217033904054,0.24824340175506188,0.5075044279058976
0.15225175406778124,0.22870325109472944,0.6190449948374893
0.2987238246490764,0.3978959503945149,0.3033802249564086
0.24603531955923486,0.37624586411191047,0.3777188163288548
0.3625281730476882,0.3186647392136977,0.3188070877386141
0.19941029263646615,0.3111951012150568,0.48939460614847724
0.3281996253856639,0.29989127669224785,0.3719090979220883
0.25432807676539476,0.3038582250137701,0.4418136982208351
0.33020851302001547,0.294908917909897,0.3748825690700876
0.25332853539797606,0.2583156396867522,0.4883558249152717
0.31312830731680075,0.26002495357083916,0.4268467391123602
0.2495939656160114,0.3275095626768934,0.42289647170709516
0.27247045334635317,0.32948844181359427,0.3980411048400525
0.3139904647863288,0.33178574448708165,0.35422379072658955
0.2781766599963924,0.34127938859089385,0.3805439514127138
0.29938552179800393,0.2608043721286465,0.43981010607334964
0.27046883533217664,0.28968280594270696,0.43984835872511646
0.27940955892530756,0.32300218292586697,0.3975882581488254
0.4643463257526788,0.3095609997022214,0.22609267454509974
0.15089402761734405,0.23558139843389705,0.6135245739487589
0.22811873759162798,0.2885633692629143,0.4833178931454578
0.13853998805295806,0.19524957017762593,0.666210441769416
0.2289011869470392,0.2762243888764272,0.4948744241765336
0.21807885811827846,0.2935472961581994,0.4883738457235222
0.26592986297398485,0.4375623664061565,0.2965077706198585
0.27571397616565824,0.249436936000756,0.4748490878335857
0.27686334203406987,0.2609185302523936,0.46221812771353665
0.26417014066328764,0.2898138552223314,0.446016004114381
0.18470058767602773,0.31835478375614623,0.4969446285678262
0.4090529723179104,0.301595061193682,0.28935196648840766
0.26132036493906563,0.37282903813379104,0.3658505969271433
0.15730589838220713,0.2487549628442747,0.5939391387735181
0.3488746593967652,0.31580478437233145,0.3353205562309034
0.25596978849468177,0.3313081523657379,0.4127220591395804
0.19618241678804216,0.2706972787388173,0.5331203044731405
0.35027107578611316,0.30490421002474616,0.34482471418914074
0.2717140343818469,0.30405221237538826,0.42423375324276474
0.3019072813477913,0.3112857303810258,0.38680698827118287
0.49614947629905803,0.3348630400103646,0.1689874836905774
0.28307887308565344,0.31648401687461625,0.40043711003973026
0.19384776566382653,0.2988705858595394,0.507281648476634
0.3453770336260027,0.349827172399331,0.3047957939746663
0.2905178829550477,0.3077114368696562,0.40177068017529616
0.2695149985513177,0.3363731203090104,0.3941118811396719
0.3621567188559577,0.238114209356541,0.3997290717875012
0.3412771558709327,0.34278388891940853,0.3159389552096587
0.2310628794109341,0.2604407796095585,0.5084963409795074
0.29806226192974866,0.3543628400093571,0.3475748980608943
0.259978306031843,0.3119646053439002,0.4280570886242569
0.25564948537730453,0.3193888387726023,0.42496167585009315
0.3014551952126951,0.28966314725258907,0.40888165753471584
0.17146630560451218,0.24917750775715602,0.5793561866383319
0.3657687764300403,0.3464167844349985,0.2878144391349612
0.2542265402725312,0.31363339271979007,0.4321400670076786
0.1691470297717763,0.23612172476850932,0.5947312454597143
0.32482125420953745,0.29444952283798304,0.3807292229524795
0.27014850433271614,0.3465072612749645,0.38334423439231935
0.16008837406368434,0.23201750390859469,0.607894122027721
0.26352033187356494,0.3424497196566538,0.39402994846978123
0.1951072729494285,0.3165126589098835,0.48838006814068785
0.3953670178755552,0.2896351877224037,0.3149977944020411
0.3093974862801232,0.2703092564269071,0.42029325729296974
0.23866011172567034,0.28905550147104575,0.4722843868032838
0.15219658579674325,0.21870358397756726,0.6290998302256895
0.3401414291438465,0.28607575399268853,0.373782816863465
0.5805039909031597,0.2505395845370419,0.1689564245597983
0.2867638015406897,0.3127167295425118,0.4005194689167984
0.25586215197682144,0.2821514817551626,0.46198636626801587
0.2782141001330822,0.3305835700407425,0.39120232982617537
0.26291557521734976,0.32669476789971613,0.41038965688293405
0.264347861836133,0.30176220056034175,0.4338899376035252
0.3717061631340835,0.27883227638739794,0.3494615604785185
0.23721515987362923,0.30105677550247356,0.46172806462389715
0.21916384856868837,0.22386493795595203,0.5569712134753595
0.261288170859846,0.38678347064307805,0.3519283584970759
0.20390868132657075,0.28143744884514893,0.5146538698282802
0.26749299205357907,0.3351984057070049,0.3973086022394161
0.262465027493908,0.3005510721850817,0.43698390032101037
0.25284679162928414,0.2962613360360152,0.4508918723347007
0.14495529455980133,0.20429090081163792,0.6507538046285607
0.5977519931750777,0.2282715292761194,0.17397647754880297
0.23553670282311165,0.3880718768056698,0.37639142037121853
0.2959830113456549,0.2910443331106091,0.4129726555437359
0.25586215197682144,0.2821514817551626,0.46198636626801587
0.2127834819735799,0.35527479519796257,0.4319417228284575
0.2356594055827659,0.29940603100916646,0.46493456340806766
0.33277888821273777,0.2894463431192861,0.37777476866797627
0.2697365268834556,0.2540963870522691,0.47616708606427516
0.3409313064729413,0.2967030985903344,0.3623655949367243
0.31507447389917964,0.3524808279736288,0.3324446981271916
0.2507249010421852,0.357044706075222,0.39223039288259276
0.5523066340374297,0.27472645693435405,0.17296690902821618
0.29588209242193064,0.32189915226992694,0.3822187553081424
0.254106099812255,0.27835112087443215,0.4675427793133129
0.246531119218482,0.29891682539440445,0.4545520553871137
0.36618834001530254,0.3140235389315399,0.31978812105315757
0.3143891287929175,0.2962961797424263,0.3893146914646562
0.18850410748488852,0.313970506681624,0.49752538583348754
0.27022012953846564,0.3267672084617549,0.4030126619997795
0.23175786067301454,0.24989004420225522,0.5183520951247303
0.2553744707958561,0.25238785111681067,0.4922376780873331
0.3718350805434841,0.2840254031752256,0.3441395162812903
0.3302599698135171,0.2895253461509924,0.3802146840354905
0.21597416911598735,0.27810093120958,0.5059248996744327
0.22513211833661728,0.30446511860777775,0.470402763055605
0.23725452330054078,0.2754238441420785,0.4873216325573807
0.20400829339191795,0.318985117634307,0.47700658897377507
0.19638308551878217,0.3216517083677209,0.48196520611349686
0.2324047248021878,0.2982516870164925,0.4693435881813197
0.4284484509914853,0.2667974530620432,0.30475409594647146
0.24255395109575523,0.3191838302164258,0.43826221868781895
0.2847734443308789,0.28256181261165414,0.43266474305746705
0.5805039909031597,0.2505395845370419,0.1689564245597983
0.2517442242159262,0.31354351583913437,0.4347122599449394
0.34321813682166236,0.3228075157696857,0.33397434740865195
0.1611371916764176,0.22721412401492008,0.6116486843086624
0.2463755483361756,0.264041466324118,0.4895829853397063
0.24705851053604747,0.271332133913107,0.4816093555508456
0.15302065288077946,0.2299517948386436,0.6170275522805769
0.2432892767102883,0.31484779888238196,0.44186292440732977
0.23130963127934354,0.28924041590058075,0.4794499528200756
0.23085142943990572,0.3082333549408713,0.460915215619223
0.20929793079826237,0.2318173790235189,0.5588846901782188
0.39735248331287576,0.3085077257572526,0.2941397909298717
0.35842668748145484,0.3224475850227591,0.31912572749578605
0.23291068662326483,0.2662314671849707,0.5008578461917644
0.27960005448578784,0.37128951578855196,0.34911042972566025
0.19684304248128948,0.3009925766688585,0.502164380849852
0.14495529455980133,0.20429090081163792,0.6507538046285607
0.19980712174775933,0.21283295951663395,0.5873599187356067
0.24603388241172594,0.2780545787980732,0.47591153879020087
0.28013756036033227,0.3020231554046421,0.4178392842350257
0.13644952250976985,0.21858993248645517,0.6449605450037751
0.4143365903251142,0.33666880715744824,0.24899460251743763
0.20216482502784555,0.2687885524695912,0.5290466225025632
0.33623234487276665,0.24315769484395738,0.42060996028327613
0.3067282333559741,0.38274529557538817,0.3105264710686377
0.2474329624860196,0.2953091805780584,0.45725785693592197
0.2476975531171804,0.3629187507918922,0.38938369609092743
0.28853998865715363,0.24278328112825193,0.4686767302145944
0.2805832843373094,0.335420836082959,0.3839958795797317
0.2355137732326166,0.319149329963354,0.4453368968040296
0.24442662914638522,0.2778182353575445,0.47775513549607024
0.2592591132821142,0.3186617542161269,0.42207913250175894
0.3304562904927813,0.31230512428011836,0.35723858522710034
0.36554549518785967,0.29356948659367216,0.3408850182184681
0.378603233089628,0.29400975757197745,0.3273870093383946
0.2020456458943191,0.28233992424248794,0.515614429863193
0.2685395143770261,0.286533728718783,0.4449267569041908
0.31967163730871573,0.37683621288506114,0.3034921498062232
0.21235716076305766,0.30638373863666934,0.48125910060027294
0.37352030816243614,0.3379868414205526,0.2884928504170113
0.31855296070857486,0.3405174692159815,0.34092957007544356
0.24519096279830918,0.2774118459891887,0.47739719121250207
0.49614947629905803,0.3348630400103646,0.1689874836905774
0.5805039909031597,0.2505395845370419,0.1689564245597983
0.26652746075980444,0.2955119909510938,0.4379605482891017
0.24412747619370917,0.25627166623022657,0.4996008575760642
0.42278016174248606,0.2593731843314059,0.31784665392610806
0.24331303365672574,0.23979315443152496,0.5168938119117493
0.1414660461410138,0.22908693912822337,0.6294470147307628
0.23544303722014423,0.27022862976817186,0.494328333011684
0.40543024029220553,0.30686496857731693,0.2877047911304775
0.34828201165208866,0.31260288864697894,0.3391150997009324
0.19598632945028074,0.3037237339966348,0.5002899365530844
0.27247909049073116,0.2940940084765436,0.43342690103272535
0.1624500273420987,0.21881757661424592,0.6187323960436554
0.20208684066312688,0.28020228237102407,0.517710876965849
0.39735248331287576,0.3085077257572526,0.2941397909298717
0.21504398437092503,0.3631220357745746,0.4218339798545005
0.2491127342248659,0.3097303723860069,0.4411568933891272
0.36266443965629175,0.3764414960404241,0.2608940643032841
0.3044925772827638,0.3042678502091018,0.39123957250813446
0.2816704382369882,0.3194308879063162,0.39889867385669564
0.35842668748145484,0.3224475850227591,0.31912572749578605
0.25932727940022,0.3286553889439075,0.41201733165587245
0.21321130136636604,0.35069597797042196,0.43609272066321203
0.2336589131567046,0.26983135064559116,0.4965097361977041
0.27292328664543897,0.28747749341029655,0.43959921994426454
0.15172043131278215,0.22340607404653273,0.6248734946406851
0.30061736480341744,0.25273536638855715,0.44664726880802536
0.2953665769003869,0.3436404873499344,0.36099293574967867
0.25868870167724095,0.3595924386793191,0.38171885964344004
0.23033476846336204,0.2860582046105958,0.48360702692604224
0.2576192086500506,0.35212681474539653,0.39025397660455285
0.2540547110397632,0.3191969663434585,0.42674832261677825
0.2547980370116833,0.2677032766103909,0.47749868637792564
0.3449348376865356,0.29245615052264756,0.36260901179081695
0.2885291432913277,0.2825926979866563,0.428878158722016
0.3850111461745961,0.2849592114056592,0.33002964241974464
0.1611371916764176,0.22721412401492008,0.6116486843086624
0.32862852846785895,0.24314682477993366,0.4282246467522073
0.37140790909666865,0.3178355374250736,0.3107565534782578
0.32739080551174543,0.29022053868123754,0.382388655807017
0.26546860891516266,0.3317489406034342,0.40278245048140315
0.23875982749277208,0.32416523729371266,0.4370749352135153
0.2322247598527998,0.243293410834767,0.5244818293124331
0.2592591132821142,0.3186617542161269,0.42207913250175894
0.3729867221423943,0.3283617209548638,0.2986515569027418
0.22575271593927132,0.2674388996422323,0.5068083844184964
0.25457779169354566,0.23769587922052413,0.5077263290859302
0.2523360977937552,0.28330336921819066,0.46436053298805413
0.41543447147406654,0.27043686339405854,0.314128665131875
0.266590447501336,0.2581449722690392,0.4752645802296248
0.20122523116613455,0.2505184004245104,0.5482563684093551
0.24138613320374683,0.3299806379414423,0.42863322885481087
0.2552454764415042,0.28125843958127245,0.46349608397722336
0.3243128712055764,0.30244752212369186,0.37323960667073186
0.19969721611547872,0.3578493776894074,0.4424534061951138
0.27225823034693936,0.31426106560553135,0.4134807040475291
0.3152211588585151,0.24798064620728957,0.43679819493419536
0.2179805096267861,0.28550578379082625,0.49651370658238764
0.19084877031693984,0.24154101044162,0.5676102192414401
0.32507633471208625,0.30166217612771073,0.3732614891602031
0.23422176583008245,0.3591397147932953,0.40663851937662226
0.1469170393210058,0.24138868456184748,0.6116942761171467
0.2676595485705616,0.3080145225616871,0.42432592886775133
0.3800066541052941,0.3129004682945215,0.3070928776001844
0.23437259923007195,0.277724906707963,0.4879024940619651
0.23483996287797246,0.23606604810769366,0.5290939890143339
0.20594615981104397,0.3460938206050769,0.4479600195838791
0.14073318479539537,0.22119851780077765,0.6380682974038271
0.5006171467332912,0.3176969919054674,0.18168586136124135
0.30517427602510716,0.31671588698682274,0.37810983698807016
0.376238509509543,0.32650558450738937,0.2972559059830676
0.18484815453317743,0.2793472709937391,0.5358045744730835
0.212922667884988,0.28061212321388873,0.5064652089011232
0.5973668145444802,0.21737218587425763,0.18526099958126216
0.21151679376713053,0.2609113744273749,0.5275718318054945
0.3805671465133242,0.2296692966543156,0.3897635568323603
0.14741347386279546,0.23942734766329785,0.6131591784739067
0.2646620264851157,0.37852357629567435,0.3568143972192098
0.5390480612702658,0.2653185850460407,0.19563335368369353
0.32660618750825776,0.3582085757314119,0.3151852367603304
0.30901147720053984,0.38385120907056747,0.3071373137288927
0.2525377547954643,0.3063745279546657,0.4410877172498701
0.38547260889368656,0.305001774658365,0.3095256164479484
0.40145993121177537,0.2894411123375066,0.30909895645071794
0.20337061004945198,0.34847544817306964,0.4481539417774784
0.24301437932894585,0.2773257613509896,0.47965985932006466
0.21906304110767338,0.3870400963854043,0.3938968625069223
0.319349312652425,0.306891263218688,0.3737594241288869
0.33924596101057675,0.3441406211234996,0.3166134178659236
0.1952184108378163,0.2645451660643256,0.5402364230978581
0.23866687833325118,0.3015417872488402,0.45979133441790854
0.15363947455893434,0.25738521896958916,0.5889753064714764
0.38148553171276195,0.2792797571488355,0.33923471113840253
0.3657227040276801,0.3383789876542531,0.2958983083180667
0.14073318479539537,0.22119851780077765,0.6380682974038271
0.23194139283435883,0.27471808235754064,0.49334052480810053
0.2279461991898757,0.3097524135767646,0.46230138723335984
0.33164399362319186,0.2956359703800534,0.37272003599675485
0.37336742076772406,0.33593568192295964,0.2906968973093163
0.31035773596255517,0.3502309287061434,0.3394113353313015
0.2221519373905997,0.29832650132371585,0.47952156128568435
0.22798075982346414,0.3049132639839392,0.4671059761925967
0.2082983718059258,0.2869912260887234,0.5047104021053508
0.27990635084341203,0.30193366284481826,0.4181599863117697
0.27402683189589244,0.3303688149461486,0.39560435315795894
0.41815265491951675,0.28418814841546697,0.2976591966650162
0.19422028803980257,0.30555354266258905,0.5002261692976084
0.1922147273423369,0.2868852110088462,0.5209000616488169
0.3576161542596388,0.35317150771310246,0.2892123380272588
0.2762772176082034,0.3610387333240665,0.36268404906773
0.4827397108385414,0.22071420463838917,0.29654608452306935
0.25970076982627543,0.2690518236823206,0.4712474064914038
0.3699946380436173,0.3230658058803508,0.3069395560760319
0.13181266768860062,0.20425747009323464,0.6639298622181647
0.5639387468716562,0.2611672794352871,0.1748939736930567
0.5865047810462402,0.2316028550823732,0.1818923638713867
0.2277312349681275,0.2951277783196618,0.47714098671221084
0.31936929589988816,0.27542532746297205,0.4052053766371398
0.28006316641646206,0.34171623436028176,0.37822059922325624
0.17396925166924646,0.2854769004630699,0.5405538478676837
0.23310716372792986,0.3027209358360723,0.4641719004359977
0.3669056381278554,0.30317491062303215,0.32991945124911237
0.3020915034032941,0.3309132783077028,0.36699521828900306
0.2567917713547477,0.34302258209348585,0.4001856465517664
0.204248027189192,0.2987015874782093,0.4970503853325987
0.21646787715346996,0.34719798989781964,0.4363341329487104
0.3363940485288566,0.32299326380254667,0.3406126876685967
0.24198374884406473,0.2994660719945193,0.458550179161416
0.2305223970690121,0.4036377452265431,0.36583985770444466
0.5262242304550284,0.28973629401553014,0.18403947552944144
0.27378727881372605,0.3117276308710262,0.4144850903152479
0.22350335054694717,0.3087157215131155,0.4677809279399374
0.15364497091839835,0.2503251136133471,0.5960299154682547
0.23092739766066409,0.29339399975941927,0.47567860257991657
0.2932131618784438,0.26482747653079586,0.4419593615907603
0.22343035415422519,0.27790180785610447,0.4986678379896704
0.3949095079115842,0.241614734504858,0.3634757575835577
0.2686317313344566,0.326713568312206,0.40465470035333745
0.1532946448603306,0.20677949674000473,0.6399258583996648
0.3833423843195885,0.25880213997065665,0.35785547570975496
0.4195030596302659,0.2764174514118827,0.30407948895785153
0.17107912869588116,0.2306259133588609,0.5982949579452579
0.20853131135335923,0.3105975149885863,0.4808711736580544
0.35459556411696963,0.31799643474189576,0.32740800114113466
0.5779473421465721,0.24281420719885927,0.17923845065456864
0.13465487615778593,0.18709928493962696,0.678245838902587
0.28358752046381586,0.3383563121849117,0.37805616735127245
0.37617021853296795,0.30430139823953817,0.31952838322749394
0.39088953851981306,0.3344730160224238,0.27463744545776314
0.1350127145529151,0.175736888363031,0.689250397084054
0.3440441729924241,0.29800434797159814,0.35795147903597774
0.341520908936787,0.31935187211924404,0.33912721894396897
0.20802578784720127,0.2813307876207772,0.5106434245320215
0.22284720250333448,0.3210500571470329,0.4561027403496326
0.367981816710168,0.3482557192820937,0.28376246400773836
0.25486831983104863,0.3301414510855065,0.41499022908344485
0.2506696092568928,0.3368187940453586,0.4125115966977486
0.27988572584476296,0.32259355261984646,0.3975207215353905
0.5779473421465721,0.24281420719885927,0.17923845065456864
0.5449923271650278,0.2711877686221687,0.18381990421280356
0.21593815130811006,0.23363433649659987,0.5504275121952902
0.23005408954806575,0.28705052847080637,0.4828953819811279
0.2805571445270708,0.2930464309168673,0.42639642455606186
0.22795142683532446,0.3136073295402577,0.45844124362441796
0.2666929806549053,0.2553490449426123,0.47795797440248233
0.2930616858550531,0.33569874857834203,0.3712395655666048
0.32674204700242787,0.28603689570308266,0.3872210572944895
0.3153655862939151,0.33118105776952916,0.35345335593655564
0.1440253145257074,0.20298024527829694,0.6529944401959956
0.20442324406277737,0.33883842717439716,0.45673832876282544
0.20610558292477255,0.31732140708647794,0.4765730099887496
0.3767217797883422,0.25787811490909074,0.36540010530256706
0.2353933385575363,0.40324958356995216,0.3613570778725115
0.2731122015147876,0.2726166452726946,0.4542711532125179
0.22003109870271428,0.31847931232950255,0.46148958896778314
0.20310216542566392,0.4078043271059229,0.38909350746841315
0.34337591020537256,0.28505544797820864,0.3715686418164188
0.42352135277729847,0.2808241393171886,0.2956545079055129
0.41966271044640285,0.2796527794293503,0.30068451012424685
0.22389768798185392,0.3459787381169357,0.43012357390121037
0.32343208694974357,0.34545347715434616,0.3311144358959102
0.15637884505993005,0.24414450052403258,0.5994766544160373
0.2451624143213111,0.38872431368163674,0.3661132719970523
0.2566203381313199,0.33482391484013985,0.40855574702854025
0.5379093812246377,0.2825902715791127,0.17950034719624958
0.34517912944278806,0.31211523083482834,0.34270563972238355
0.35269564724721164,0.26429370543436587,0.3830106473184226
0.3020915034032941,0.3309132783077028,0.36699521828900306
0.21849774132183977,0.34962827601324714,0.4318739826649132
0.28867519199748504,0.34781537443712607,0.3635094335653889
0.1440253145257074,0.20298024527829694,0.6529944401959956
0.36056046983774465,0.3540294378378862,0.2854100923243691
0.23627469559021544,0.27949190396707535,0.4842334004427091
0.23206677590451555,0.3271016792348312,0.44083154486065335
0.25618173291459495,0.3148451601491055,0.42897310693629953
0.26678042408625824,0.32202889632940046,0.41119067958434136
0.3105532764262959,0.28041840619738867,0.40902831737631545
0.25045061439341915,0.3260425856938083,0.4235067999127726
0.24963235611575904,0.3700181742491839,0.38034946963505706
0.293645992791778,0.3074508157589802,0.39890319144924175
0.16290914215994165,0.24471212613054838,0.5923787317095099
0.2793088682419497,0.3174265523894095,0.4032645793686408
0.24005163427348078,0.3997447405788482,0.36020362514767096
0.1868568498084383,0.2629393517603373,0.5502037984312244
0.427897944384425,0.2739670419202581,0.2981350136953168
0.3731049338889352,0.3224567668087578,0.3044382993023071
0.33680039835780495,0.2845619306155271,0.378637671026668
0.25688222754166506,0.3429958010557981,0.4001219714025368
0.24784624618502354,0.2949522282718092,0.4572015255431674
0.2049955860306901,0.30583442639565517,0.4891699875736548
0.19490536660122743,0.332358961650095,0.4727356717486775
0.3826524449850831,0.2998655518835269,0.31748200313138997
0.27091966925674976,0.2759413191487707,0.4531390115944795
0.3082429240584509,0.392008754717713,0.2997483212238361
0.24130154792255837,0.33914232812337125,0.41955612395407027
0.23091622988423072,0.3088393135253503,0.46024445659041907
0.34645966576661824,0.29924752391999615,0.3542928103133856
0.26176239026042936,0.3316532510820136,0.4065843586575572
0.2873884508414973,0.31000456888673544,0.4026069802717672
0.48229945097526666,0.19780412883644002,0.3198964201882934
0.28572389391801845,0.34837970012288916,0.36589640595909234
0.3948304668782335,0.29378845730232883,0.31138107581943764
0.21853674057191932,0.46456217350683326,0.31690108592124727
0.2452325363654796,0.32759510455440305,0.4271723590801174
0.2317249463847502,0.4080699432920211,0.36020511032322877
0.19724996543591514,0.25812971344794877,0.544620321116136
0.2833964814545587,0.2703753780140315,0.4462281405314099
0.23140603878158272,0.3150534752986387,0.4535404859197787
0.3248256596857919,0.26864873226942665,0.40652560804478144
0.38646296007614045,0.32645737381250206,0.28707966611135755
0.2434638805712191,0.2735307082653759,0.4830054111634052
0.24016028508981324,0.2923199966788899,0.46751971823129684
0.3058350539064345,0.33791003591090807,0.3562549101826575
0.4318055747835945,0.28794470641352765,0.28024971880287786
0.36694850403802476,0.28871444976483446,0.34433704619714084
0.34929822095536417,0.2938133934540505,0.3568883855905853
0.22834204961691956,0.2963024905329793,0.47535545985010114
0.24095283001280401,0.25934209199236274,0.4997050779948332
0.6116379278648768,0.22343142946002942,0.16493064267509372
0.34058753988082086,0.335658992805117,0.3237534673140621
0.2873528578377708,0.2888385656040177,0.4238085765582114
0.151252437904641,0.21734686150756788,0.6314007005877912
0.33082920184117803,0.2817939978909655,0.38737680026785654
0.1919959153312936,0.270641014068643,0.5373630706000634
0.22611366696032062,0.37420161422888537,0.39968471881079404
0.399298038397303,0.2882781737886558,0.31242378781404123
0.3420942892157105,0.27277784760970075,0.38512786317458886
0.30625743577382414,0.30283441881016543,0.39090814541601043
0.22506100978654187,0.39431839695303394,0.3806205932604242
0.23198714979583834,0.2751681349747682,0.49284471522939327
0.19677978194773935,0.28450478295652476,0.5187154350957358
0.4796520022754092,0.21930246840794096,0.30104552931664996
0.397206073634587,0.26393212458408105,0.33886180178133196
0.2476398930572154,0.264261786356237,0.4880983205865475
0.5784575801106626,0.2537038681136813,0.16783855177565618
0.14939642471763745,0.20988206928469652,0.6407215059976661
0.16925398540237352,0.2835908702142126,0.5471551443834138
0.17056784334765113,0.2456964872282084,0.5837356694241405
0.3361925708665641,0.21663980719254478,0.4471676219408911
0.1982456206224452,0.2895468862549538,0.5122074931226009
0.27501324860754833,0.3117406207284926,0.4132461306639591
0.2286107915718865,0.28828693285096124,0.4831022755771524
0.3335419838074665,0.349907208246414,0.3165508079461195
0.2260033688673841,0.26129425281625573,0.5127023783163601
0.2571775638432595,0.27785675645186847,0.4649656797048721
0.3616809318528145,0.2997731905056901,0.3385458776414953
0.20661583364945924,0.2794239878481868,0.513960178502354
0.22656302169693704,0.335882870262564,0.437554108040499
0.41966271044640285,0.2796527794293503,0.30068451012424685
0.40424295201176863,0.3259597186029222,0.26979732938530915
0.31719116077534254,0.3555804282307323,0.327228410993925
0.29898131391510463,0.3154430604162126,0.38557562566868264
0.2575115401128694,0.2574540144084648,0.48503444547866587
0.31025815790028377,0.31140935137384046,0.3783324907258757
0.24359951686734355,0.26420269211814823,0.4921977910145083
0.41317359669893916,0.27773638401854844,0.30909001928251234
0.5539121817742436,0.2712962976235585,0.1747915206021979
0.4408733672057488,0.2731630935330674,0.2859635392611838
0.6116379278648768,0.22343142946002942,0.16493064267509372
0.2593448555028486,0.3926935972204419,0.3479615472767094
0.3061014858689101,0.3060973256813327,0.38780118844975725
0.16439210919900557,0.2510023838025375,0.584605506998457
0.29349427802831013,0.31400450862496776,0.392501213346722
0.2103077996483139,0.27725588724084466,0.5124363131108415
0.3319325127778823,0.3380266370357301,0.3300408501863876
0.3025670750886202,0.27593364333434117,0.42149928157703875
0.27407777572656283,0.30022676714352287,0.42569545712991436
0.29755497557847527,0.2824733692044614,0.41997165521706337
0.22931529963126968,0.2754475458719942,0.49523715449673616
0.22146891015445835,0.28125457512457275,0.49727651472096895
0.23288292542635194,0.4014970055403901,0.36562006903325783
0.2135428758693541,0.3299779260477597,0.4564791980828862
0.30258512993256537,0.33145400047704743,0.3659608695903872
0.25067406746967513,0.33668177196752247,0.4126441605628024
0.3666244557138503,0.2946430265303328,0.3387325177558169
0.2200055347293284,0.3661757421191099,0.4138187231515616
0.2511644513831579,0.28120435839687286,0.46763119021996913
0.22001523862544423,0.24530056011284038,0.5346842012617156
0.22428352060875714,0.24905921557950453,0.5266572638117384
0.2258166434505669,0.27486110136329006,0.49932225518614304
0.33242608242797683,0.3198728338442988,0.34770108372772435
0.24703338122322885,0.2876640595600793,0.46530255921669184
0.21683623471061822,0.23240293312418148,0.5507608321652003
0.31808145376457847,0.308745916440235,0.37317262979518656
0.15783754593815622,0.23709388520279062,0.6050685688590531
0.27119501066657975,0.3511926557428983,0.37761233359052193
0.33253757157450614,0.3655096580332306,0.30195277039226315
0.2761427133873101,0.23853294360106447,0.48532434301162547
0.43768783487670443,0.2990492587073076,0.2632629064159879
0.2285487974273136,0.293849355729556,0.47760184684313045
0.3913570189651624,0.28085270336424156,0.327790277670596
0.26484912797249904,0.3644956845156298,0.37065518751187115
0.20507657747490785,0.2932624594253969,0.5016609630996952
0.13260739910660507,0.2308796692685492,0.6365129316248458
0.21437908202392852,0.3701035864598675,0.4155173315162039
0.1676167485116822,0.26580675117872826,0.5665765003095895
0.34138125405427777,0.30052477368976754,0.35809397225595474
0.3815386599399557,0.25584289516693953,0.3626184448931048
0.3034830036330605,0.31856789987734657,0.37794909648959285
0.29313413661597115,0.3584230890104213,0.3484427743736075
0.21835789124198363,0.2614106722303248,0.5202314365276917
0.1788892916237053,0.2890185934659036,0.5320921149103912
0.23797305475262448,0.25776046747424325,0.5042664777731323
0.2897508303292665,0.29722756200023187,0.4130216076705015
0.2011093487230112,0.28801056908361783,0.510880082193371
0.33861028546020877,0.3400287925421336,0.3213609219976577
0.1440253145257074,0.20298024527829694,0.6529944401959956
0.3122928834331566,0.24915414496376564,0.43855297160307777
0.373635859873431,0.2965497195482159,0.3298144205783532
0.32948625504372353,0.26167644864686423,0.4088372963094122
0.4447627107726068,0.26442837586561363,0.29080891336177955
0.35169448094415356,0.3092396441725941,0.3390658748832523
0.2811615899475186,0.3279121257577647,0.3909262842947167
0.22611366696032062,0.37420161422888537,0.39968471881079404
0.3656779797494286,0.28028994259242473,0.3540320776581466
0.2226981853530379,0.26371149288957413,0.5135903217573881
0.22167881836269715,0.32612721190586264,0.45219396973144027
0.21993159099142884,0.26415584285720567,0.5159125661513655
0.29567638124022566,0.32527424247816644,0.3790493762816079
